=~=~=~=~=~=~=~=~=~=~=~= PuTTY log 2016.12.07 17:58:28 =~=~=~=~=~=~=~=~=~=~=~=
84.0000,1982.83,500.61,101.00
84.0000,1984.62,500.80,101.00
84.0000,1986.42,500.99,101.00
84.0000,1988.23,501.18,102.00
84.0000,1990.03,501.37,101.00
84.0000,1991.83,501.56,101.00
84.0000,1993.62,501.75,101.00
84.0000,1995.42,501.93,101.00
84.0000,1997.22,502.12,101.00
84.0000,1999.01,502.31,101.00
83.9375,2000.81,502.50,101.00
83.8750,2002.63,502.70,102.00
83.8750,2004.42,502.89,101.00
83.8750,2006.25,503.09,103.00
83.8750,2008.05,503.28,101.00
83.8750,2009.85,503.47,101.00
83.8750,2011.64,503.67,101.00
83.8750,2013.44,503.86,101.00
83.8750,2015.23,504.05,101.00
83.8750,2017.05,504.25,102.00
83.8750,2018.84,504.44,101.00
83.8750,2020.66,504.63,102.00
83.8750,2022.45,504.83,101.00
83.8750,2024.25,505.02,101.00
83.8750,2026.05,505.21,101.00
83.8750,2027.84,505.40,101.00
83.8750,2029.64,505.60,101.00
83.8750,2031.43,505.79,101.00
83.8750,2033.23,505.98,101.00
83.8750,2035.04,506.18,102.00
83.8750,2036.84,506.37,101.00
83.8750,2038.64,506.56,101.00
83.8750,2040.43,506.76,101.00
83.8750,2042.23,506.95,101.00
83.8750,2044.03,507.14,101.00
83.8750,2045.84,507.34,102.00
84.0625,2047.64,507.52,101.00
84.0625,2049.43,507.71,101.00
84.0625,2051.23,507.90,101.00
84.0625,2053.03,508.08,101.00
84.1250,2054.82,508.27,101.00
84.1250,2056.64,508.45,102.00
84.1250,2058.44,508.64,101.00
84.1250,2060.25,508.83,102.00
84.1250,2062.05,509.01,101.00
84.1250,2063.84,509.20,101.00
84.1250,2065.64,509.38,101.00
84.1250,2067.44,509.57,101.00
84.1250,2069.24,509.75,101.00
84.1250,2071.05,509.94,102.00
84.1250,2072.87,510.12,102.00
84.1250,2074.68,510.31,102.00
84.1875,2076.48,510.49,101.00
84.1875,2078.27,510.68,101.00
84.1875,2080.07,510.86,101.00
84.1875,2081.87,511.04,101.00
84.1875,2083.67,511.23,101.00
84.1875,2085.46,511.41,101.00
84.1875,2087.28,511.59,102.00
84.1875,2089.07,511.78,101.00
Orientation Sensor Test

------------------------------------
Sensor:       BNO055
Driver Ver:   1
Unique ID:    55
Max Value:    0.00 xxx
Min Value:    0.00 xxx
Resolution:   0.01 xxx
------------------------------------


System Status: 0x5
Self Test:     0xF
System Error:  0x0

0.0000,0.00,0.00,3087.00
0.0000,0.00,1.81,101.00
0.0000,0.00,3.61,101.00
0.0000,0.00,5.42,101.00
0.0000,0.00,7.23,101.00
0.0000,0.00,9.05,102.00
358.9375,-0.03,10.86,101.00
359.0000,-0.07,12.66,101.00
359.1875,-0.09,14.47,101.00
359.3750,-0.11,16.28,101.00
359.4375,-0.13,18.08,101.00
359.8750,-0.13,19.89,101.00
358.6250,-0.18,21.69,101.00
355.4375,-0.32,23.50,101.00
354.4375,-0.49,25.29,101.00
354.1875,-0.68,27.09,101.00
354.0000,-0.87,28.89,101.00
353.9375,-1.06,30.68,101.00
353.8125,-1.25,32.50,102.00
354.0625,-1.44,34.29,101.00
354.0000,-1.63,36.09,101.00
354.8750,-1.79,37.89,101.00
358.3125,-1.84,39.70,101.00
358.8750,-1.88,41.50,101.00
358.8750,-1.91,43.31,101.00
358.8750,-1.95,45.11,101.00
358.6875,-1.99,46.94,102.00
358.4375,-2.04,48.74,101.00
357.9375,-2.11,50.55,101.00
357.8125,-2.18,52.35,101.00
357.8125,-2.24,54.16,101.00
358.0000,-2.31,55.96,101.00
358.3125,-2.36,57.77,101.00
358.3125,-2.41,59.58,101.00
358.1875,-2.47,61.38,101.00
358.1250,-2.53,63.19,101.00
358.0000,-2.59,64.99,101.00
357.8125,-2.66,66.80,101.00
356.8125,-2.76,68.60,101.00
352.0625,-3.01,70.39,101.00
345.8125,-3.45,72.14,101.00
339.4375,-4.09,73.83,101.00
333.2500,-4.90,75.45,101.00
331.9375,-5.75,77.04,101.00
336.7500,-6.47,78.72,102.00
335.8125,-7.21,80.37,101.00
330.8750,-8.09,81.94,101.00
326.0625,-9.11,83.46,102.00
325.4375,-10.13,84.94,101.00
324.3125,-11.19,86.41,101.00
319.6875,-12.36,87.79,101.00
314.4375,-13.65,89.05,101.00
312.8750,-14.97,90.28,101.00
312.8125,-16.31,91.52,102.00
309.8750,-17.70,92.68,101.00
303.8125,-19.20,93.69,101.00
301.1250,-20.74,94.62,101.00
300.8750,-22.29,95.55,101.00
300.6875,-23.85,96.47,101.00
298.9375,-25.43,97.34,101.00
293.3125,-27.09,98.06,101.00
289.7500,-28.79,98.67,101.00
289.3750,-30.49,99.27,101.00
289.2500,-32.20,99.86,101.00
289.1250,-33.90,100.46,101.00
289.1250,-35.61,101.05,101.00
288.0625,-37.33,101.61,101.00
283.1250,-39.09,102.02,101.00
281.0000,-40.86,102.36,101.00
281.0000,-42.63,102.71,101.00
281.0000,-44.41,103.05,101.00
281.3750,-46.18,103.41,101.00
281.6250,-47.95,103.77,101.00
281.7500,-49.73,104.14,102.00
281.3750,-51.51,104.50,101.00
278.9375,-53.29,104.78,101.00
276.0625,-55.09,104.97,101.00
275.3125,-56.88,105.14,101.00
274.8125,-58.68,105.29,101.00
274.6875,-60.49,105.44,101.00
274.4375,-62.29,105.58,101.00
274.2500,-64.09,105.71,101.00
274.1875,-65.91,105.84,102.00
274.5000,-67.71,105.99,101.00
274.6250,-69.51,106.13,101.00
274.3125,-71.31,106.27,101.00
272.9375,-73.11,106.36,101.00
268.0625,-74.92,106.30,101.00
261.9375,-76.73,106.04,102.00
255.0000,-78.49,105.57,102.00
248.7500,-80.17,104.92,101.00
242.5000,-81.77,104.08,101.00
238.4375,-83.31,103.14,101.00
238.2500,-84.87,102.18,102.00
236.2500,-86.37,101.17,101.00
231.0625,-87.79,100.03,102.00
225.9375,-89.10,98.76,102.00
224.9375,-90.37,97.48,101.00
223.3125,-91.61,96.16,101.00
217.9375,-92.72,94.74,101.00
214.3750,-93.74,93.25,101.00
214.0000,-94.75,91.75,101.00
213.1875,-95.74,90.24,101.00
208.9375,-96.62,88.66,101.00
205.0625,-97.39,87.01,102.00
205.0000,-98.15,85.37,101.00
205.0000,-98.92,83.73,101.00
203.1250,-99.63,82.07,101.00
198.8125,-100.21,80.36,101.00
197.2500,-100.74,78.63,101.00
197.1875,-101.28,76.91,101.00
197.4375,-101.82,75.19,101.00
196.5000,-102.33,73.45,101.00
192.9375,-102.74,71.69,101.00
190.5000,-103.07,69.92,101.00
190.2500,-103.39,68.14,101.00
190.2500,-103.71,66.36,101.00
190.1250,-104.03,64.58,101.00
190.0000,-104.34,62.80,101.00
190.0625,-104.66,61.02,101.00
187.8125,-104.90,59.24,101.00
184.3750,-105.04,57.43,101.00
183.9375,-105.16,55.63,101.00
184.0625,-105.29,53.83,101.00
184.1875,-105.42,52.03,101.00
184.2500,-105.56,50.23,101.00
184.4375,-105.70,48.43,101.00
184.3125,-105.83,46.61,102.00
184.1250,-105.96,44.80,101.00
183.5000,-106.07,43.00,101.00
180.8750,-106.10,41.19,101.00
174.5625,-105.93,39.40,101.00
168.7500,-105.58,37.62,101.00
162.3125,-105.03,35.90,101.00
156.0000,-104.29,34.25,101.00
149.6875,-103.38,32.69,101.00
146.1875,-102.38,31.19,101.00
145.6250,-101.35,29.69,102.00
143.5625,-100.26,28.22,102.00
137.3125,-99.04,26.89,101.00
131.9375,-97.69,25.68,101.00
130.5625,-96.32,24.51,101.00
129.9375,-94.92,23.34,102.00
127.5000,-93.49,22.24,101.00
122.1875,-91.96,21.28,101.00
118.8125,-90.38,20.41,101.00
118.3125,-88.77,19.54,102.00
118.2500,-87.18,18.69,101.00
116.3750,-85.56,17.88,101.00
111.3125,-83.88,17.23,101.00
107.9375,-82.14,16.66,102.00
107.9375,-80.43,16.11,101.00
108.0000,-78.71,15.55,101.00
108.1875,-76.99,14.99,101.00
107.7500,-75.27,14.44,101.00
103.3750,-73.51,14.02,101.00
100.6875,-71.74,13.68,101.00
100.8125,-69.96,13.34,101.00
101.0625,-68.19,13.00,101.00
101.1250,-66.42,12.65,101.00
100.8125,-64.64,12.31,101.00
101.0625,-62.87,11.96,101.00
101.0000,-61.10,11.62,101.00
100.3125,-59.32,11.29,101.00
100.0625,-57.52,10.98,102.00
97.6875,-55.73,10.73,101.00
94.0625,-53.93,10.61,101.00
93.8750,-52.13,10.48,101.00
93.7500,-50.33,10.37,101.00
93.7500,-48.51,10.25,102.00
93.9375,-46.69,10.12,102.00
93.9375,-44.88,10.00,101.00
93.8750,-43.08,9.88,101.00
92.4375,-41.28,9.80,101.00
87.5000,-39.47,9.88,101.00
81.5000,-37.69,10.14,101.00
75.1250,-35.92,10.61,102.00
68.6875,-34.24,11.27,101.00
62.1250,-32.64,12.11,101.00
58.8750,-31.10,13.05,101.00
58.6250,-29.55,13.99,101.00
55.7500,-28.06,15.00,101.00
50.2500,-26.67,16.16,101.00
47.3125,-25.34,17.38,101.00
47.2500,-24.02,18.61,101.00
42.5000,-22.78,19.96,102.00
39.0000,-21.65,21.36,101.00
38.0625,-20.52,22.80,102.00
39.6875,-19.37,24.19,101.00
40.1250,-18.20,25.57,101.00
39.1250,-17.06,26.97,101.00
36.8125,-15.98,28.42,101.00
34.1875,-14.97,29.91,101.00
32.8750,-13.99,31.43,101.00
34.0000,-12.98,32.92,101.00
35.0000,-11.94,34.40,101.00
35.7500,-10.88,35.87,101.00
36.0625,-9.82,37.33,101.00
37.4375,-8.72,38.77,101.00
38.4375,-7.60,40.18,101.00
38.8750,-6.47,41.59,101.00
38.9375,-5.33,42.99,101.00
37.8125,-4.22,44.42,101.00
37.6250,-3.12,45.85,101.00
38.3750,-2.00,47.27,101.00
39.1250,-0.86,48.67,101.00
39.0000,0.28,50.07,101.00
38.5000,1.40,51.49,101.00
37.8125,2.51,52.91,101.00
36.6875,3.59,54.36,101.00
35.3125,4.63,55.84,101.00
34.5625,5.66,57.32,101.00
33.0625,6.64,58.84,101.00
32.0000,7.60,60.37,101.00
31.1875,8.54,61.91,101.00
30.5625,9.46,63.47,101.00
Orientation Sensor Test

------------------------------------
Sensor:       BNO055
Driver Ver:   1
Unique ID:    55
M