=~=~=~=~=~=~=~=~=~=~=~= PuTTY log 2016.12.07 18:00:58 =~=~=~=~=~=~=~=~=~=~=~=
21.3125,583.20,1552.37,101.00
21.3125,583.86,1554.05,101.00
21.3125,584.51,1555.73,101.00
21.3125,585.17,1557.43,102.00
21.3125,585.83,1559.12,101.00
21.3125,586.49,1560.80,101.00
21.3125,587.14,1562.48,101.00
21.3125,587.80,1564.17,101.00
21.3125,588.46,1565.85,101.00
21.3125,589.12,1567.55,102.00
21.3125,589.78,1569.25,102.00
21.3125,590.45,1570.95,102.00
21.3125,591.10,1572.63,101.00
21.3125,591.76,1574.31,101.00
21.3125,592.42,1576.00,101.00
21.3125,593.08,1577.70,102.00
21.3125,593.74,1579.38,101.00
21.3125,594.40,1581.08,102.00
21.3125,595.06,1582.76,101.00
21.3125,595.71,1584.44,101.00
21.3125,596.37,1586.13,101.00
2Orientation Sensor Test

------------------------------------
Sensor:       BNO055
Driver Ver:   1
Unique ID:    55
Max Value:    0.00 xxx
Min Value:    0.00 xxx
Resolution:   0.01 xxx
------------------------------------


System Status: 0x5
Self Test:     0xF
System Error:  0x0

0.0000,0.00,0.00,3097.00
0.0000,0.00,1.81,101.00
0.0000,0.00,3.61,101.00
0.0000,0.00,5.42,101.00
0.0000,0.00,7.23,101.00
0.0000,0.00,9.03,101.00
2.5000,0.08,10.84,101.00
2.9375,0.17,12.64,101.00
2.9375,0.26,14.45,101.00
2.8750,0.35,16.25,101.00
2.6875,0.44,18.05,101.00
2.3750,0.51,19.86,101.00
2.1875,0.58,21.68,102.00
2.1250,0.65,23.51,102.00
1.6875,0.70,25.31,101.00
1.3750,0.75,27.12,101.00
1.1875,0.79,28.92,101.00
1.0000,0.82,30.73,101.00
0.6875,0.84,32.54,101.00
0.5000,0.85,34.36,102.00
0.5000,0.87,36.17,101.00
0.5000,0.89,37.99,102.00
0.3750,0.90,39.80,101.00
0.6875,0.92,41.60,101.00
0.6875,0.94,43.41,101.00
0.6875,0.96,45.22,101.00
359.1250,0.94,47.02,101.00
353.9375,0.74,48.82,101.00
348.1875,0.37,50.60,102.00
344.8125,-0.10,52.35,101.00
344.6875,-0.58,54.09,101.00
344.0625,-1.08,55.83,101.00
340.8125,-1.67,57.53,101.00
338.8125,-2.32,59.22,101.00
339.8750,-2.94,60.91,101.00
338.6250,-3.60,62.60,101.00
333.9375,-4.40,64.22,101.00
331.8750,-5.25,65.81,101.00
332.0000,-6.10,67.41,101.00
332.1250,-6.94,69.00,101.00
330.6875,-7.82,70.58,101.00
325.6875,-8.84,72.07,101.00
323.7500,-9.91,73.53,101.00
324.1250,-10.97,74.99,101.00
324.3125,-12.02,76.46,101.00
321.8125,-13.14,77.88,101.00
318.3125,-14.35,79.24,102.00
318.1875,-15.56,80.59,101.00
318.5625,-16.75,81.94,101.00
318.8125,-17.94,83.30,101.00
316.3125,-19.19,84.61,101.00
312.8750,-20.51,85.84,101.00
312.7500,-21.84,87.06,101.00
312.8750,-23.17,88.29,101.00
312.8125,-24.49,89.52,101.00
312.6250,-25.82,90.74,101.00
312.3125,-27.17,91.97,102.00
312.1875,-28.51,93.19,101.00
312.0000,-29.85,94.39,101.00
309.6875,-31.24,95.55,101.00
306.8125,-32.69,96.63,101.00
306.8750,-34.13,97.71,101.00
307.0625,-35.59,98.81,102.00
304.6250,-37.07,99.84,101.00
299.0000,-38.67,100.72,102.00
294.1250,-40.32,101.46,101.00
293.3750,-41.98,102.18,101.00
292.2500,-43.65,102.86,101.00
287.6875,-45.37,103.41,101.00
283.5625,-47.13,103.84,101.00
282.1875,-48.89,104.22,101.00
282.5000,-50.65,104.61,101.00
280.5625,-52.43,104.94,101.00
275.0625,-54.23,105.10,101.00
273.1875,-56.03,105.20,101.00
273.3125,-57.84,105.30,101.00
273.0000,-59.64,105.40,101.00
269.0000,-61.45,105.37,101.00
266.2500,-63.25,105.25,101.00
266.5000,-65.05,105.14,101.00
266.0000,-66.86,105.01,101.00
262.1875,-68.65,104.77,101.00
259.3125,-70.42,104.43,101.00
259.3125,-72.20,104.10,101.00
259.4375,-73.97,103.77,101.00
259.5625,-75.75,103.44,101.00
258.0000,-77.51,103.06,101.00
254.5625,-79.26,102.58,101.00
253.6875,-80.99,102.08,101.00
253.5000,-82.74,101.56,102.00
253.5000,-84.47,101.04,101.00
253.6875,-86.22,100.53,102.00
253.3750,-87.95,100.01,101.00
250.8750,-89.66,99.42,101.00
247.3750,-91.33,98.73,101.00
247.1875,-93.01,98.02,102.00
246.7500,-94.67,97.31,101.00
246.5625,-96.33,96.59,101.00
246.2500,-97.98,95.86,101.00
244.9375,-99.62,95.10,101.00
240.0000,-101.18,94.19,101.00
234.2500,-102.65,93.14,101.00
231.5625,-104.06,92.01,101.00
231.2500,-105.47,90.88,101.00
229.4375,-106.86,89.70,102.00
224.0000,-108.11,88.40,101.00
220.3125,-109.28,87.02,101.00
220.3125,-110.45,85.64,101.00
219.5625,-111.60,84.25,101.00
216.1250,-112.66,82.79,101.00
211.6875,-113.61,81.25,101.00
210.8750,-114.54,79.70,101.00
211.0000,-115.47,78.15,101.00
209.4375,-116.36,76.58,101.00
204.8750,-117.12,74.94,101.00
203.3125,-117.83,73.28,101.00
203.1250,-118.54,71.62,101.00
203.0625,-119.25,69.96,101.00
201.7500,-119.92,68.28,101.00
197.2500,-120.46,66.56,101.00
196.5000,-120.97,64.82,101.00
196.4375,-121.48,63.09,101.00
196.6250,-122.00,61.36,101.00
196.1875,-122.50,59.63,101.00
192.1250,-122.88,57.86,101.00
190.8125,-123.22,56.09,101.00
190.6875,-123.55,54.31,101.00
190.6250,-123.89,52.53,101.00
190.6875,-124.22,50.76,101.00
190.3750,-124.55,48.98,101.00
190.2500,-124.87,47.21,101.00
188.8750,-125.15,45.42,101.00
184.3125,-125.28,43.62,101.00
182.0625,-125.35,41.81,101.00
179.6875,-125.34,40.01,101.00
173.9375,-125.15,38.21,101.00
169.6875,-124.82,36.43,101.00
168.7500,-124.47,34.66,101.00
166.5000,-124.05,32.89,102.00
160.8750,-123.45,31.16,102.00
156.5625,-122.72,29.49,102.00
155.9375,-121.99,27.84,101.00
155.6250,-121.24,26.19,101.00
153.0625,-120.42,24.58,101.00
148.0000,-119.45,23.02,103.00
145.0625,-118.40,21.53,102.00
145.0625,-117.36,20.03,102.00
145.0000,-116.32,18.55,101.00
144.9375,-115.28,17.07,101.00
142.3125,-114.18,15.64,101.00
137.7500,-112.96,14.31,101.00
137.0000,-111.73,12.98,101.00
136.5625,-110.49,11.67,101.00
136.5000,-109.25,10.36,101.00
136.6875,-108.01,9.05,101.00
135.6250,-106.74,7.76,101.00
132.0000,-105.40,6.55,101.00
130.5625,-104.03,5.37,101.00
130.3125,-102.65,4.20,101.00
130.2500,-101.27,3.04,101.00
129.3750,-99.88,1.89,101.00
128.5625,-98.46,0.77,101.00
127.8125,-97.04,-0.34,101.00
127.5000,-95.60,-1.44,101.00
127.1250,-94.15,-2.54,102.00
125.8125,-92.68,-3.60,101.00
120.6875,-91.13,-4.52,101.00
115.0625,-89.49,-5.29,101.00
112.0625,-87.80,-5.97,102.00
111.8125,-86.13,-6.64,101.00
109.1875,-84.42,-7.24,101.00
103.1250,-82.66,-7.65,101.00
99.7500,-80.88,-7.95,101.00
99.6250,-79.10,-8.26,101.00
98.1250,-77.31,-8.51,101.00
93.0625,-75.51,-8.61,101.00
90.5000,-73.68,-8.62,102.00
90.6250,-71.88,-8.64,101.00
89.7500,-70.07,-8.64,101.00
85.7500,-68.27,-8.50,101.00
83.0625,-66.47,-8.28,101.00
83.2500,-64.68,-8.07,101.00
83.3125,-62.89,-7.86,101.00
81.4375,-61.10,-7.59,101.00
77.5625,-59.32,-7.20,102.00
76.3750,-57.56,-6.77,101.00
76.4375,-55.81,-6.35,101.00
76.9375,-54.03,-5.94,102.00
76.3750,-52.27,-5.51,101.00
73.6250,-50.54,-5.00,101.00
70.0625,-48.84,-4.39,101.00
69.5625,-47.15,-3.76,101.00
69.3750,-45.46,-3.12,101.00
69.1250,-43.77,-2.48,101.00
68.7500,-42.09,-1.82,101.00
68.6875,-40.39,-1.16,102.00
68.7500,-38.70,-0.50,101.00
68.7500,-37.02,0.15,101.00
68.8750,-35.33,0.80,101.00
66.2500,-33.68,1.53,101.00
61.2500,-32.10,2.40,101.00
55.5625,-30.61,3.42,101.00
51.1250,-29.20,4.55,101.00
50.5000,-27.81,5.70,101.00
48.2500,-26.46,6.91,101.00
43.0000,-25.23,8.23,101.00
39.1875,-24.09,9.63,101.00
38.8125,-22.95,11.04,101.00
37.5000,-21.84,12.48,102.00
33.1250,-20.86,14.00,101.00
30.5625,-19.94,15.55,101.00
30.6875,-19.02,17.10,101.00
29.5625,-18.12,18.68,101.00
28.6875,-17.26,20.26,101.00
25.6250,-16.48,21.89,101.00
26.8125,-15.66,23.50,101.00
31.6250,-14.71,25.04,101.00
29.7500,-13.82,26.61,101.00
28.8750,-12.94,28.19,101.00
28.0625,-12.10,29.78,101.00
27.0000,-11.27,31.39,101.00
25.6250,-10.49,33.02,101.00
23.3750,-9.78,34.68,101.00
22.1250,-9.10,36.35,101.00
22.3750,-8.41,38.03,101.00
22.5000,-7.72,39.69,101.00
22.0000,-7.04,41.37,101.00
22.0000,-6.36,43.04,101.00
21.8750,-5.69,44.72,101.00
20.5000,-5.06,46.41,101.00
18.7500,-4.48,48.12,101.00
Orientation Sensor Test

------------------------------------
Sensor:       BNO055
Driver Ver:   1
Unique ID:    55
Max Value:    0.00 xxx
Min Value:    0.00 xxx
Resolution:   0.01 xxx
------------------------------------


System Status: 0x5
Self Test:     0xF
System Error:  0x0

0.0000,0.00,0.00,3097.00
0.0000,0.00,1.81,101.00
0.0000,0.00,3.61,101.00
0.0000,0.00,5.42,101.00
0.0000,0.00,7.23,101.00
0.0000,0.00,9.05,102.00
353.1250,-0.22,10.84,101.00
3