0.0000,0.00,0.00,3097.00
0.0000,0.00,1.81,101.00
0.0000,0.00,3.61,101.00
0.0000,0.00,5.42,101.00
0.0000,0.00,7.23,101.00
0.0000,0.00,9.03,101.00
348.8125,-0.35,10.80,101.00
348.8750,-0.70,12.58,101.00
348.8125,-1.05,14.35,101.00
348.9375,-1.40,16.12,101.00
349.0625,-1.74,17.90,101.00
348.8125,-2.09,19.69,102.00
348.4375,-2.46,21.46,101.00
348.2500,-2.83,23.24,102.00
348.1250,-3.20,25.01,101.00
347.8750,-3.58,26.78,101.00
347.5625,-3.97,28.54,101.00
347.0000,-4.37,30.30,101.00
346.8750,-4.78,32.06,101.00
346.6875,-5.20,33.82,101.00
346.3750,-5.63,35.59,102.00
345.9375,-6.07,37.36,102.00
346.0000,-6.51,39.11,101.00
345.5625,-6.96,40.86,101.00
342.4375,-7.50,42.58,101.00
336.8125,-8.22,44.25,101.00
331.0625,-9.09,45.83,101.00
327.5000,-10.06,47.35,101.00
327.3750,-11.04,48.89,102.00
324.3125,-12.10,50.35,101.00
318.8750,-13.29,51.71,101.00
314.1875,-14.58,52.97,101.00
313.6875,-15.89,54.22,101.00
312.3750,-17.22,55.44,101.00
307.5625,-18.65,56.54,101.00
304.5625,-20.14,57.56,101.00
304.5625,-21.63,58.59,101.00
304.6250,-23.12,59.62,101.00
302.1875,-24.65,60.58,101.00
297.1250,-26.25,61.40,101.00
294.6250,-27.90,62.15,101.00
294.7500,-29.54,62.91,101.00
295.0625,-31.17,63.68,101.00
294.5625,-32.82,64.43,101.00
290.5625,-34.51,65.06,101.00
286.8750,-36.24,65.59,101.00
286.7500,-37.97,66.11,101.00
286.9375,-39.71,66.64,102.00
286.7500,-41.46,67.16,102.00
286.8750,-43.19,67.69,101.00
286.8750,-44.92,68.21,101.00
284.1875,-46.67,68.66,101.00
281.5000,-48.45,69.02,102.00
281.2500,-50.23,69.37,101.00
281.3750,-52.00,69.73,101.00
281.6250,-53.80,70.10,103.00
281.4375,-55.57,70.46,101.00
278.8125,-57.36,70.73,101.00
273.0000,-59.16,70.83,101.00
267.1250,-60.98,70.74,102.00
263.6875,-62.78,70.54,101.00
263.2500,-64.59,70.32,102.00
259.7500,-66.39,70.00,102.00
254.1250,-68.12,69.51,101.00
250.6875,-69.83,68.91,101.00
250.3750,-71.53,68.30,101.00
247.6875,-73.20,67.62,101.00
242.5000,-74.80,66.78,101.00
240.7500,-76.38,65.90,101.00
240.8125,-77.96,65.02,101.00
238.5000,-79.50,64.07,101.00
235.0000,-80.99,63.03,102.00
236.2500,-82.49,62.02,101.00
235.1250,-83.98,60.99,101.00
230.9375,-85.38,59.85,101.00
228.8750,-86.74,58.66,101.00
229.0625,-88.10,57.48,101.00
229.0625,-89.47,56.30,101.00
226.8750,-90.79,55.06,101.00
222.0000,-92.00,53.72,101.00
221.3125,-93.19,52.36,101.00
221.3750,-94.38,51.01,101.00
221.6875,-95.58,49.66,101.00
219.8750,-96.74,48.27,101.00
215.6875,-97.80,46.80,101.00
214.4375,-98.82,45.31,101.00
214.1875,-99.84,43.81,102.00
214.2500,-100.86,42.31,101.00
214.1250,-101.87,40.82,101.00
213.3125,-102.87,39.31,101.00
209.6250,-103.76,37.74,101.00
208.6250,-104.62,36.15,101.00
209.1250,-105.51,34.56,102.00
209.1250,-106.39,32.98,101.00
206.4375,-107.20,31.35,102.00
200.2500,-107.83,29.63,102.00
194.7500,-108.29,27.89,101.00
189.3125,-108.59,26.10,101.00
186.2500,-108.78,24.31,101.00
186.1250,-108.98,22.51,101.00
183.4375,-109.08,20.71,101.00
178.0000,-109.02,18.90,101.00
172.5000,-108.78,17.09,102.00
169.7500,-108.46,15.32,101.00
169.6250,-108.14,13.54,101.00
168.1250,-107.76,11.77,101.00
163.1875,-107.24,10.04,101.00
160.6875,-106.64,8.34,101.00
160.5000,-106.04,6.64,101.00
159.0625,-105.40,4.95,101.00
154.6250,-104.62,3.32,101.00
151.4375,-103.76,1.73,101.00
151.3750,-102.89,0.14,101.00
151.1875,-102.02,-1.44,101.00
151.0625,-101.15,-3.02,101.00
148.4375,-100.20,-4.56,101.00
144.5000,-99.15,-6.03,101.00
143.9375,-98.09,-7.49,101.00
143.9375,-97.03,-8.95,101.00
144.2500,-95.97,-10.42,101.00
144.1250,-94.91,-11.88,101.00
142.8750,-93.82,-13.32,101.00
139.4375,-92.65,-14.69,101.00
138.9375,-91.46,-16.06,101.00
138.8750,-90.27,-17.42,101.00
139.1250,-89.09,-18.78,101.00
137.4375,-87.87,-20.11,101.00
131.9375,-86.52,-21.32,101.00
126.4375,-85.07,-22.39,101.00
127.0000,-83.63,-23.48,101.00
130.9375,-82.26,-24.66,101.00
127.5000,-80.83,-25.76,101.00
121.2500,-79.29,-26.70,101.00
117.2500,-77.68,-27.53,101.00
116.6250,-76.07,-28.34,101.00
113.8125,-74.41,-29.07,101.00
108.2500,-72.70,-29.63,101.00
104.9375,-70.93,-30.10,102.00
104.5625,-69.19,-30.56,101.00
102.0625,-67.42,-30.93,101.00
96.8125,-65.61,-31.15,102.00
93.6250,-63.81,-31.27,101.00
93.4375,-62.00,-31.37,101.00
91.3750,-60.20,-31.42,101.00
86.2500,-58.39,-31.30,101.00
84.1250,-56.58,-31.11,102.00
84.1250,-54.78,-30.93,101.00
84.3750,-52.97,-30.75,102.00
82.4375,-51.17,-30.51,101.00
78.5625,-49.40,-30.15,101.00
78.1250,-47.64,-29.78,101.00
78.1875,-45.87,-29.41,101.00
77.0000,-44.11,-29.00,101.00
75.0000,-42.36,-28.54,101.00
76.3750,-40.61,-28.11,101.00
77.4375,-38.84,-27.72,101.00
76.8125,-37.09,-27.31,101.00
77.2500,-35.32,-26.91,101.00
76.7500,-33.56,-26.49,101.00
75.1875,-31.82,-26.03,101.00
73.7500,-30.08,-25.53,101.00
73.9375,-28.35,-25.03,101.00
74.3750,-26.61,-24.54,101.00
73.0000,-24.88,-24.01,101.00
72.1875,-23.16,-23.46,101.00
72.2500,-21.44,-22.91,101.00
70.5000,-19.74,-22.31,101.00
68.6875,-18.05,-21.65,101.00
68.7500,-16.37,-20.99,101.00
68.7500,-14.69,-20.34,101.00
68.3125,-13.01,-19.67,101.00
68.2500,-11.33,-19.00,101.00
67.1250,-9.67,-18.30,101.00
66.8125,-8.01,-17.59,101.00
66.6875,-6.35,-16.87,101.00
64.1875,-4.72,-16.09,101.00
59.1875,-3.17,-15.16,101.00
57.5000,-1.65,-14.19,101.00
61.3125,-0.06,-13.32,101.00
60.3125,1.51,-12.43,101.00
55.7500,3.00,-11.41,101.00
50.1250,4.40,-10.24,102.00
47.5000,5.73,-9.02,101.00
47.3750,7.06,-7.80,101.00
43.8125,8.31,-6.50,101.00
38.1875,9.43,-5.08,101.00
33.9375,10.44,-3.58,101.00
33.5000,11.44,-2.07,101.00
31.2500,12.37,-0.53,101.00
26.0625,13.18,1.11,102.00
23.2500,13.89,2.77,101.00
22.9375,14.60,4.45,102.00
21.8750,15.27,6.13,101.00
17.3750,15.81,7.85,101.00
15.1250,16.28,9.60,101.00
15.3750,16.76,11.34,101.00
15.3750,17.24,13.08,101.00
12.6875,17.64,14.84,101.00
8.7500,17.91,16.63,101.00
7.6250,18.15,18.42,101.00
7.7500,18.40,20.21,101.00
8.3125,18.66,22.00,101.00
5.1250,18.82,23.80,101.00